nombreObjeto,perimetro,area,circularidad,convexArea
obj1IMAG001.BMP,108.463,319,0.340751143615226,439
obj2IMAG001.BMP,123.408,353,0.291271465805771,488
obj1IMAG002.BMP,220.39,400,0.103487068685415,1495
obj2IMAG002.BMP,127.287,356,0.276116118945031,486
obj1IMAG003.BMP,145.235,1220,0.726820413777024,1370
obj2IMAG003.BMP,110.598,312,0.320530905996124,425
obj1IMAG004.BMP,94.082,746,1.05909668655793,758
obj2IMAG004.BMP,108.457,319,0.3407888463622,435
obj1IMAG005.BMP,94.578,753,1.05785121290725,766
obj2IMAG005.BMP,92.792,723,1.05518131083025,735
obj1IMAG006.BMP,146.566,1241,0.725964149862659,1400
obj2IMAG006.BMP,90.625,692,1.05881459551722,705
obj1IMAG007.BMP,178.1,875,0.346649100905222,1346
obj2IMAG007.BMP,211.244,423,0.119119117286884,1480
obj1IMAG008.BMP,175.924,870,0.353247367888735,1330
obj2IMAG008.BMP,94.843,743,1.03797791274109,760
obj1IMAG009.BMP,215.759,426,0.114995705494296,1456
obj2IMAG009.BMP,219.083,399,0.104463699300567,1479
obj1IMAG010.BMP,239.215,524,0.115070588372389,1290
obj2IMAG010.BMP,239.579,528,0.115596927482157,1305
obj1IMAG011.BMP,132.861,344,0.244891252697886,476
obj2IMAG011.BMP,105.213,332,0.376885248787495,453
obj3IMAG011.BMP,123.06,378,0.313666286512011,541
obj1IMAG012.BMP,207.481,427,0.12464678292274,1398
obj2IMAG012.BMP,107.471,332,0.36121465991046,454
obj3IMAG012.BMP,123.234,374,0.309471297415266,525
obj1IMAG013.BMP,143.355,1160,0.709319930951286,1349
obj2IMAG013.BMP,120.077,409,0.356462225408529,554
obj3IMAG013.BMP,108.505,332,0.354363061537633,456
obj1IMAG014.BMP,233.277,502,0.115923033703206,1227
obj2IMAG014.BMP,114.203,394,0.379621727162647,525
obj3IMAG014.BMP,107.628,337,0.365585720994339,470
obj1IMAG015.BMP,235.477,510,0.115580096219611,1248
obj2IMAG015.BMP,95.033,755,1.05052873735536,771
obj3IMAG015.BMP,111.59,348,0.351187098402667,475
obj1IMAG016.BMP,233.467,494,0.113890056245367,1209
obj2IMAG016.BMP,223.004,375,0.0947579869014042,1505
obj3IMAG016.BMP,113.368,335,0.327547056502665,466
obj1IMAG017.BMP,235.378,508,0.115223706018275,1248
obj2IMAG017.BMP,223.771,411,0.103144026336808,1556
obj3IMAG017.BMP,91.179,699,1.05656784671374,714
obj1IMAG018.BMP,234.41,500,0.114347743449318,1237
obj2IMAG018.BMP,225.739,405,0.099873827443057,1555
obj3IMAG018.BMP,140.924,1113,0.70426337702595,1288
obj1IMAG019.BMP,207.911,419,0.121806075969565,1399
obj2IMAG019.BMP,223.862,398,0.0998003759239021,1527
obj3IMAG019.BMP,137.591,1080,0.716891721604993,1245
obj1IMAG020.BMP,167.513,860,0.385133487437685,1288
obj2IMAG020.BMP,214.503,391,0.106787367465107,1432
obj3IMAG020.BMP,237.951,510,0.11318919508407,1245
obj1IMAG021.BMP,145.317,1224,0.728380708641199,1399
obj2IMAG021.BMP,91.204,701,1.05901011969287,715
obj3IMAG021.BMP,93.652,738,1.05738248664038,751
obj1IMAG022.BMP,109.764,386,0.402603288968023,505
obj2IMAG022.BMP,144.339,1184,0.714157797146127,1331
obj3IMAG022.BMP,119.787,329,0.288128610735976,443
obj4IMAG022.BMP,118.736,351,0.31286152076238,483
obj1IMAG023.BMP,111.741,390,0.392508769010063,509
obj2IMAG023.BMP,160.641,797,0.388110495607682,1170
obj3IMAG023.BMP,133.978,324,0.226823419478229,473
obj4IMAG023.BMP,138.004,1114,0.73504123960864,1263
obj1IMAG024.BMP,112.295,393,0.391635070467527,508
obj2IMAG024.BMP,216.991,420,0.112092282303851,1445
obj3IMAG024.BMP,215.66,470,0.126989706722869,1497
obj4IMAG024.BMP,140.882,1120,0.709115322964009,1288
obj1IMAG025.BMP,215.395,420,0.11375956401831,1441
obj2IMAG025.BMP,96.538,783,1.05578389190883,796
obj3IMAG025.BMP,94.38,749,1.05665140710371,761
obj4IMAG025.BMP,145.745,1115,0.659625448195644,1296
obj1IMAG026.BMP,109.877,389,0.404898230528802,502
obj2IMAG026.BMP,161.989,807,0.386466941289594,1159
obj3IMAG026.BMP,95.612,771,1.05983787694427,782
obj4IMAG026.BMP,142.801,1112,0.68525490655482,1292
obj1IMAG027.BMP,161.244,837,0.404546264736099,1195
obj2IMAG027.BMP,159.632,808,0.398456866263702,1161
obj3IMAG027.BMP,242.143,532,0.114019113182171,1266
obj4IMAG027.BMP,145.026,1113,0.664987207643509,1295
obj1IMAG028.BMP,138.667,1111,0.726068646467834,1264
obj2IMAG028.BMP,148.276,1282,0.73275057153528,1466
obj3IMAG028.BMP,162.586,836,0.397420118417999,1227
obj4IMAG028.BMP,145.63,1213,0.71873528431576,1393
obj1IMAG029.BMP,139.312,1120,0.725188373097474,1275
obj2IMAG029.BMP,145.382,1238,0.736053243019336,1415
obj3IMAG029.BMP,142.687,1165,0.719063054739803,1339
obj4IMAG029.BMP,145.448,1217,0.722911168962674,1394
obj1IMAG030.BMP,214.034,479,0.131395303256443,1517
obj2IMAG030.BMP,212.11,438,0.122338087406591,1486
obj3IMAG030.BMP,211.029,443,0.125005553762595,1451
obj4IMAG030.BMP,207.787,377,0.109727243319484,1370
obj1IMAG031.BMP,211.677,465,0.130411374790606,1488
obj2IMAG031.BMP,217.396,468,0.124437884454859,1563
obj3IMAG031.BMP,119.125,395,0.349784960434217,517
obj4IMAG031.BMP,205.074,379,0.113247303260416,1349
obj1IMAG032.BMP,214.034,447,0.122617328926159,1467
obj2IMAG032.BMP,146.994,1265,0.735700706961276,1443
obj3IMAG032.BMP,116.884,388,0.356887599758907,502
obj4IMAG032.BMP,204.686,359,0.107678261350991,1327
obj1IMAG033.BMP,218.322,429,0.113102486792276,1507
obj2IMAG033.BMP,212.438,480,0.133655456385253,1517
obj3IMAG033.BMP,146.78,1241,0.723848833387928,1421
obj4IMAG033.BMP,119.804,399,0.349333409633765,521
obj5IMAG033.BMP,223.99,469,0.117469588451526,1160
obj1IMAG034.BMP,93.792,738,1.05422820768461,754
obj2IMAG034.BMP,93.718,738,1.05589370816408,752
obj3IMAG034.BMP,87.838,654,1.06517934150429,666
obj4IMAG034.BMP,92.618,720,1.05475492836753,739
obj1IMAG035.BMP,91.94,716,1.06442211106661,726
obj2IMAG035.BMP,120.902,362,0.311208509977058,492
obj3IMAG035.BMP,86.664,636,1.06411733811561,642
obj4IMAG035.BMP,93.834,734,1.04757581598071,749
obj1IMAG036.BMP,92.287,721,1.06381000816109,732
obj2IMAG036.BMP,218.709,439,0.11532967668318,1528
obj3IMAG036.BMP,87.532,639,1.04803797377717,653
obj4IMAG036.BMP,94.305,737,1.04137683577852,756
obj1IMAG037.BMP,92.494,724,1.06346036260207,734
obj2IMAG037.BMP,218.527,437,0.114995565604148,1528
obj3IMAG037.BMP,145.234,1222,0.728021948051479,1399
obj4IMAG037.BMP,87.623,638,1.04422552808244,653
obj1IMAG038.BMP,215.287,430,0.116585008227551,1460
obj2IMAG038.BMP,218.436,431,0.113511197126406,1527
obj3IMAG038.BMP,234.262,494,0.113118365058557,1220
obj4IMAG038.BMP,164.767,804,0.372156358949047,1205
obj1IMAG039.BMP,103.023,319,0.37768710949753,408
obj2IMAG039.BMP,175.552,872,0.355561545927274,1331
obj3IMAG039.BMP,112.552,419,0.415640112530096,525
obj4IMAG039.BMP,212.666,422,0.117253601143997,1496
obj5IMAG039.BMP,106.595,380,0.420261680485811,477
obj1IMAG040.BMP,106.116,323,0.36045465976923,414
obj2IMAG040.BMP,174.692,877,0.361129879889638,1334
obj3IMAG040.BMP,112.081,416,0.416139748539782,520
obj4IMAG040.BMP,171.698,837,0.356783572061386,1251
obj5IMAG040.BMP,107.058,383,0.419923699861434,478
obj1IMAG041.BMP,94.57,751,1.05522002182659,765
obj2IMAG041.BMP,106.801,293,0.322795035056684,401
obj3IMAG041.BMP,94.363,753,1.06267719580697,764
obj4IMAG041.BMP,116.692,389,0.358985823686116,518
obj5IMAG041.BMP,90.344,676,1.04077758344246,689
obj1IMAG042.BMP,133.689,1063,0.747397737840316,1201
obj2IMAG042.BMP,94.76,758,1.06078889728086,771
obj3IMAG042.BMP,93.718,740,1.05875520872821,753
obj4IMAG042.BMP,117.279,372,0.339869580489572,522
obj5IMAG042.BMP,87.896,654,1.06377404391926,664
obj1IMAG043.BMP,133.325,1060,0.749363515393388,1197
obj2IMAG043.BMP,208.746,420,0.121121943240431,1428
obj3IMAG043.BMP,216.175,441,0.118587118977349,1494
obj4IMAG043.BMP,117.552,376,0.341930360337965,515
obj5IMAG043.BMP,86.614,631,1.05697090328607,645
obj1IMAG044.BMP,89.351,663,1.04357714113733,678
obj2IMAG044.BMP,94.388,753,1.06211434011385,767
obj3IMAG044.BMP,95.72,735,1.00807262947269,754
obj4IMAG044.BMP,93.751,739,1.05658024097106,757
obj5IMAG044.BMP,89.31,679,1.06974301543422,691
obj1IMAG045.BMP,136.226,1086,0.735393318995437,1238
obj2IMAG045.BMP,143.81,1210,0.735219575478303,1382
obj3IMAG045.BMP,144.011,1179,0.7143850162113,1342
obj4IMAG045.BMP,145.472,1215,0.721485026903383,1375
obj5IMAG045.BMP,142.173,1083,0.673292947592998,1257
obj1IMAG046.BMP,142.315,1189,0.737717973146671,1354
obj2IMAG046.BMP,136.83,1078,0.723545706794755,1232
obj3IMAG046.BMP,242.524,506,0.108106283115503,1266
obj4IMAG046.BMP,231.078,480,0.112962397531376,1192
obj5IMAG046.BMP,155.786,763,0.395073180971885,1096
obj1IMAG047.BMP,143.167,1184,0.725898196155396,1344
obj2IMAG047.BMP,108.639,334,0.355618881857765,437
obj3IMAG047.BMP,120.853,319,0.274464181673583,460
obj4IMAG047.BMP,233.08,491,0.113574631739422,1208
obj5IMAG047.BMP,155.513,774,0.40217718117896,1106
obj1IMAG048.BMP,144.937,1189,0.711267857370039,1355
obj2IMAG048.BMP,119.324,350,0.30890312476902,467
obj3IMAG048.BMP,95.422,762,1.05164171686646,776
obj4IMAG048.BMP,109.111,405,0.42749182598128,501
obj5IMAG048.BMP,200.196,370,0.116011434354107,1365
obj1IMAG049.BMP,115.667,358,0.336259023456442,464
obj2IMAG049.BMP,235.908,522,0.117867759851094,1282
obj3IMAG049.BMP,149.675,1102,0.618148649707519,1261
obj4IMAG049.BMP,208.498,409,0.118230461616433,1397
obj5IMAG049.BMP,205.098,391,0.116805628513017,1375
obj1IMAG050.BMP,226.902,481,0.117402756145027,1146
obj2IMAG050.BMP,125.823,346,0.274641328429287,493
obj3IMAG050.BMP,155.779,1145,0.592921948913619,1327
obj4IMAG050.BMP,95.521,758,1.04395396682543,777
obj5IMAG050.BMP,113.385,378,0.369479591732994,481
obj1IMAG051.BMP,166.827,866,0.391016492677483,1271
obj2IMAG051.BMP,90.898,699,1.06311044331672,709
obj3IMAG051.BMP,97.398,793,1.05046835331087,813
obj4IMAG051.BMP,96.373,754,1.02016507881889,776
obj5IMAG051.BMP,90.154,690,1.06681460770457,698
obj6IMAG051.BMP,93.47,714,1.02698379404062,731
obj1IMAG052.BMP,167.861,846,0.37729462223907,1244
obj2IMAG052.BMP,90.352,690,1.06214403383086,701
obj3IMAG052.BMP,97.026,792,1.05720398289009,811
obj4IMAG052.BMP,144.381,350,0.210988030151418,529
obj5IMAG052.BMP,90.336,689,1.06098042919619,698
obj6IMAG052.BMP,92.064,715,1.06007410379926,732
obj1IMAG053.BMP,237.288,513,0.114492141173143,1262
obj2IMAG053.BMP,90.716,693,1.05821841292281,705
obj3IMAG053.BMP,97.208,794,1.05590865754276,808
obj4IMAG053.BMP,145.986,374,0.220525618093173,515
obj5IMAG053.BMP,90.526,691,1.05959829170941,702
obj6IMAG053.BMP,212.353,398,0.11091138650137,1418
obj1IMAG054.BMP,238.967,523,0.115089496467055,1272
obj2IMAG054.BMP,90.898,696,1.05854773755141,708
obj3IMAG054.BMP,97.183,792,1.05379089719809,807
obj4IMAG054.BMP,129.437,385,0.288771092757492,525
obj5IMAG054.BMP,211.038,393,0.110887116316455,1392
obj6IMAG054.BMP,110.067,363,0.376532293945963,481
obj1IMAG055.BMP,236.792,524,0.117437581711634,1260
obj2IMAG055.BMP,91.212,702,1.06033480947995,717
obj3IMAG055.BMP,97.183,795,1.05778252938444,807
obj4IMAG055.BMP,135.103,381,0.262303964227321,527
obj5IMAG055.BMP,112.052,364,0.3643107801788,489
obj6IMAG055.BMP,112.442,340,0.337933819924762,430
obj1IMAG056.BMP,165.693,872,0.399133358478402,1268
obj2IMAG056.BMP,226.744,481,0.117566430582802,1195
obj3IMAG056.BMP,96.72,788,1.05853081615823,800
obj4IMAG056.BMP,134.043,357,0.249683476012693,516
obj5IMAG056.BMP,108.479,356,0.380161835549287,470
obj6IMAG056.BMP,128.643,326,0.247545562310492,432
obj1IMAG057.BMP,218.596,460,0.120971558083806,1534
obj2IMAG057.BMP,228.282,482,0.11622874934231,1194
obj3IMAG057.BMP,97.282,785,1.04235232535129,803
obj4IMAG057.BMP,122.084,368,0.310270283330416,515
obj5IMAG057.BMP,111.291,358,0.363222548398694,487
obj6IMAG057.BMP,130.984,323,0.236578834936769,429
obj1IMAG058.BMP,205.828,441,0.130809578212185,1415
obj2IMAG058.BMP,161.268,795,0.384132093106184,1206
obj3IMAG058.BMP,227.57,451,0.10943503644359,1585
obj4IMAG058.BMP,120.612,377,0.325664317434206,515
obj5IMAG058.BMP,108.454,368,0.39315747219524,475
obj6IMAG058.BMP,115.791,342,0.320543046947861,433
obj1IMAG059.BMP,210.226,435,0.123687629704429,1445
obj2IMAG059.BMP,121.373,369,0.314769074375005,503
obj3IMAG059.BMP,225.921,405,0.0997129772789461,1626
obj4IMAG059.BMP,212.393,450,0.125355091799491,1485
obj5IMAG059.BMP,122.547,377,0.315461123859628,591
obj6IMAG059.BMP,125.922,339,0.268662057516399,438
obj1IMAG060.BMP,93.47,731,1.05143578913682,748
obj2IMAG060.BMP,109.91,361,0.375528281816905,490
obj3IMAG060.BMP,148.806,1251,0.709947588349785,1444
obj4IMAG060.BMP,93.338,732,1.05585422835842,745
obj5IMAG060.BMP,112.904,367,0.361790593619459,487
obj6IMAG060.BMP,107.495,343,0.373015995984466,440
obj1IMAG061.BMP,109.96,378,0.392854924545115,510
obj2IMAG061.BMP,94.586,742,1.04222155241689,763
obj3IMAG061.BMP,143.605,1187,0.723304988477659,1361
obj4IMAG061.BMP,151.783,1245,0.679098780520606,1437
obj5IMAG061.BMP,109.306,358,0.376534597493261,467
obj6IMAG061.BMP,147.308,302,0.174889662920391,430
obj1IMAG062.BMP,107.644,367,0.398012098019364,486
obj2IMAG062.BMP,144.366,1199,0.72293491520089,1385
obj3IMAG062.BMP,142.042,1175,0.731836680866036,1333
obj4IMAG062.BMP,152.594,1231,0.664343976965897,1418
obj5IMAG062.BMP,115.41,343,0.323606399922621,522
obj6IMAG062.BMP,135.672,308,0.210271361221412,427
obj1IMAG063.BMP,108.703,345,0.366898468686175,459
obj2IMAG063.BMP,144.664,1196,0.718158169303487,1382
obj3IMAG063.BMP,142.141,1177,0.732061544658345,1340
obj4IMAG063.BMP,149.592,1240,0.696329528099832,1425
obj5IMAG063.BMP,210.155,393,0.11182089398521,1425
obj6IMAG063.BMP,108.554,342,0.364707175598636,435
obj1IMAG064.BMP,110.407,337,0.34741338461987,458
obj2IMAG064.BMP,206.792,365,0.107259374852594,1395
obj3IMAG064.BMP,142.811,1175,0.723976401345264,1347
obj4IMAG064.BMP,146.962,1240,0.72147525760438,1423
obj5IMAG064.BMP,208.266,361,0.104587628120473,1357
obj6IMAG064.BMP,108.248,342,0.366772029158607,437
obj1IMAG065.BMP,161.32,836,0.403682306687819,1203
obj2IMAG065.BMP,90.658,689,1.05345701183336,707
obj3IMAG065.BMP,142.414,1175,0.728018409044188,1335
obj4IMAG065.BMP,158.127,1231,0.618665436889444,1423
obj5IMAG065.BMP,226.439,514,0.12597098535212,1194
obj6IMAG065.BMP,131.661,315,0.228352683238264,424
obj1IMAG066.BMP,161.783,850,0.408096641671436,1223
obj2IMAG066.BMP,91.303,696,1.04917759641542,714
obj3IMAG066.BMP,148.765,1247,0.708067701192812,1430
obj4IMAG066.BMP,93.346,734,1.05855761025451,747
obj5IMAG066.BMP,133.234,1044,0.739060904879233,1202
obj6IMAG066.BMP,105.601,337,0.379755177159187,429
obj1IMAG067.BMP,162.246,861,0.411021952896855,1241
obj2IMAG067.BMP,91.485,699,1.04951162862044,718
obj3IMAG067.BMP,222.44,458,0.116318707882937,1576
obj4IMAG067.BMP,214.651,413,0.112640373930468,1463
obj5IMAG067.BMP,149.872,264,0.147697377850063,398
obj6IMAG067.BMP,141.116,1130,0.71307595485341,1296
obj7IMAG067.BMP,131.141,1014,0.740919179326573,1166
obj1IMAG068.BMP,88.764,673,1.07337431498952,684
obj2IMAG068.BMP,213.464,446,0.122997259864934,1481
obj3IMAG068.BMP,222.093,454,0.115663405673225,1579
obj4IMAG068.BMP,213.137,420,0.116182697938696,1471
obj5IMAG068.BMP,199.996,408,0.128182107499491,1350
obj6IMAG068.BMP,144.307,263,0.158705075512408,406
obj7IMAG068.BMP,133.406,1026,0.724446801888334,1195
obj1IMAG069.BMP,211.58,433,0.121548200839274,1401
obj2IMAG069.BMP,214.324,449,0.122832868194729,1493
obj3IMAG069.BMP,219.339,445,0.116235331020803,1563
obj4IMAG069.BMP,108.929,333,0.352668819524171,427
obj5IMAG069.BMP,222.363,446,0.11334951687602,1558
obj6IMAG069.BMP,200.757,419,0.130641901386642,1381
obj7IMAG069.BMP,134.547,1062,0.73720172593247,1211
obj1IMAG070.BMP,208.669,410,0.118325364548205,1374
obj2IMAG070.BMP,220.861,430,0.110774615481338,1560
obj3IMAG070.BMP,92.792,724,1.05664075939295,737
obj4IMAG070.BMP,91.94,715,1.06293548800646,728
obj5IMAG070.BMP,215.689,437,0.118041659688573,1510
obj6IMAG070.BMP,201.625,411,0.127046564333768,1394
obj7IMAG070.BMP,135.978,1046,0.710893020241166,1205
obj1IMAG071.BMP,208.379,439,0.127047605786331,1406
obj2IMAG071.BMP,220.54,395,0.102054514070916,1541
obj3IMAG071.BMP,93.172,730,1.05672477135523,745
obj4IMAG071.BMP,92.32,719,1.06010080130216,736
obj5IMAG071.BMP,147.061,1250,0.726314722435084,1419
obj6IMAG071.BMP,201.617,413,0.127674927263707,1382
obj7IMAG071.BMP,134.828,1057,0.73067570385485,1207
obj1IMAG072.BMP,220.92,402,0.103506076849592,1545
obj2IMAG072.BMP,138.74,1089,0.71094231405188,1239
obj3IMAG072.BMP,93.172,730,1.05672477135523,745
obj4IMAG072.BMP,92.221,715,1.05646776760664,730
obj5IMAG072.BMP,147.061,1248,0.725152618879188,1419
obj6IMAG072.BMP,201.038,408,0.126856789761564,1384
obj7IMAG072.BMP,133.902,1051,0.736611428147929,1201
obj1IMAG073.BMP,95.165,749,1.03929102734068,770
obj2IMAG073.BMP,140.196,1127,0.720547365429614,1294
obj3IMAG073.BMP,148.383,1270,0.724845238241601,1443
obj4IMAG073.BMP,89.856,684,1.06456406493634,693
obj5IMAG073.BMP,93.528,737,1.05875154446906,749
obj6IMAG073.BMP,206.884,422,0.123899201085319,1434
obj7IMAG073.BMP,136.515,1059,0.714077053195733,1211
obj1IMAG074.BMP,143.382,1191,0.728001639866584,1358
obj2IMAG074.BMP,139.89,1117,0.717281610752187,1285
obj3IMAG074.BMP,148.11,1270,0.72751980607928,1442
obj4IMAG074.BMP,94.388,744,1.04941974640731,762
obj5IMAG074.BMP,89.98,681,1.0569756886503,693
obj6IMAG074.BMP,149.038,1135,0.642113347531127,1316
obj7IMAG074.BMP,134.911,1056,0.729086504382408,1204
obj1IMAG075.BMP,142.059,1178,0.733529607627115,1338
obj2IMAG075.BMP,157.664,807,0.407960689908248,1172
obj3IMAG075.BMP,148.383,1271,0.725415982523681,1443
obj4IMAG075.BMP,93.999,743,1.0567012251293,759
obj5IMAG075.BMP,91.113,684,1.03539311489989,700
obj6IMAG075.BMP,147.74,1140,0.656324363397075,1319
obj7IMAG075.BMP,136.532,1065,0.717943995511711,1217
obj1IMAG076.BMP,142.059,1182,0.73602037030157,1339
obj2IMAG076.BMP,157.664,803,0.405938579921094,1163
obj3IMAG076.BMP,148.11,1268,0.726374105597266,1441
obj4IMAG076.BMP,93.718,742,1.06161670929234,757
obj5IMAG076.BMP,90.079,682,1.05620234196684,696
obj6IMAG076.BMP,233.667,477,0.109782591268925,1211
obj7IMAG076.BMP,137.665,1063,0.704848938998711,1215
obj1IMAG077.BMP,232.055,487,0.113646735298876,1198
obj2IMAG077.BMP,157.482,799,0.404850611949454,1171
obj3IMAG077.BMP,147.25,1255,0.727349229179935,1413
obj4IMAG077.BMP,94.206,751,1.06339024760592,762
obj5IMAG077.BMP,171.946,841,0.357455270871018,1289
obj6IMAG077.BMP,232.17,469,0.109337843511715,1217
obj7IMAG077.BMP,136.813,1056,0.708955620725073,1213
obj1IMAG078.BMP,163.644,787,0.369304350077872,1167
obj2IMAG078.BMP,127.289,336,0.260595788131952,454
obj3IMAG078.BMP,94.388,752,1.06070382970201,762
obj4IMAG078.BMP,146.464,1282,0.750993378256002,1417
obj5IMAG078.BMP,174.592,837,0.345053662964146,1298
obj6IMAG078.BMP,230.268,469,0.111151551446561,1203
obj7IMAG078.BMP,150.964,1043,0.575105317769173,1218
obj1IMAG079.BMP,162.502,778,0.370230369202387,1156
obj2IMAG079.BMP,113.691,334,0.324716350978238,438
obj3IMAG079.BMP,212.036,436,0.121864482254964,1478
obj4IMAG079.BMP,148.573,1281,0.729254652050695,1450
obj5IMAG079.BMP,171.408,820,0.350720814670802,1254
obj6IMAG079.BMP,135.269,314,0.215646767832392,451
obj7IMAG079.BMP,136.995,1065,0.713099346399361,1224
obj1IMAG080.BMP,220.374,370,0.0957394391231612,1513
obj2IMAG080.BMP,116.495,343,0.317606522454545,457
obj3IMAG080.BMP,208.79,447,0.128854027808818,1473
obj4IMAG080.BMP,149.243,1287,0.726106743438754,1454
obj5IMAG080.BMP,89.484,677,1.06244817396519,685
obj6IMAG080.BMP,235.644,479,0.108400829398089,1196
obj7IMAG080.BMP,135.655,1068,0.729305527750283,1224
obj1IMAG081.BMP,219.721,360,0.0937063951246964,1524
obj2IMAG081.BMP,120.374,344,0.2983341174427,456
obj3IMAG081.BMP,148.573,1283,0.73039322293602,1445
obj4IMAG081.BMP,114.825,391,0.372660801113211,505
obj5IMAG081.BMP,89.484,678,1.0640175213418,685
obj6IMAG081.BMP,237.306,471,0.105102569404871,1195
obj7IMAG081.BMP,99.921,307,0.386397845305514,392
obj1IMAG082.BMP,174.873,847,0.348054900797557,1310
obj2IMAG082.BMP,227.296,436,0.106050511444217,1523
obj3IMAG082.BMP,237.024,546,0.122128735576529,1245
obj4IMAG082.BMP,124.417,382,0.310108575815461,566
obj5IMAG082.BMP,93.834,734,1.04757581598071,753
obj6IMAG082.BMP,147.78,266,0.153059459795634,415
obj7IMAG082.BMP,238.348,465,0.102858406711348,1196
obj8IMAG082.BMP,217.449,472,0.12544028529923,1096
obj1IMAG083.BMP,143.828,1180,0.716811540086852,1354
obj2IMAG083.BMP,227.304,440,0.107015918634335,1528
obj3IMAG083.BMP,235.61,554,0.125410006454344,1248
obj4IMAG083.BMP,125.624,393,0.312937190368907,566
obj5IMAG083.BMP,94.016,738,1.04921064046997,755
obj6IMAG083.BMP,145.729,284,0.168049116884035,426
obj7IMAG083.BMP,237.777,470,0.104464332918803,1198
obj8IMAG083.BMP,88.384,657,1.05688547284772,669
obj1IMAG084.BMP,89.996,678,1.05194526670326,697
obj2IMAG084.BMP,94.76,753,1.05379160904022,769
obj3IMAG084.BMP,144.893,1199,0.717685609240849,1375
obj4IMAG084.BMP,121.985,398,0.336108948376881,566
obj5IMAG084.BMP,94.016,741,1.05347572437431,756
obj6IMAG084.BMP,142.471,298,0.184490149535672,448
obj7IMAG084.BMP,237.033,479,0.107134106284935,1209
obj8IMAG084.BMP,89.922,667,1.03658228499905,686
obj1IMAG085.BMP,89.624,667,1.04348702190106,687
obj2IMAG085.BMP,95.413,762,1.05184012215385,782
obj3IMAG085.BMP,143.52,1206,0.735753472383265,1372
obj4IMAG085.BMP,216.817,410,0.109599117897259,1468
obj5IMAG085.BMP,118.503,365,0.326620950617289,538
obj6IMAG085.BMP,112.938,328,0.323149525450203,432
obj7IMAG085.BMP,230.095,479,0.113692290078048,1169
obj8IMAG085.BMP,88.872,661,1.05167467507264,676
obj1IMAG086.BMP,89.136,666,1.05336239733086,681
obj2IMAG086.BMP,96.083,758,1.03177728027692,781
obj3IMAG086.BMP,143.917,1185,0.718958826045817,1356
obj4IMAG086.BMP,219.464,449,0.117146582647817,1533
obj5IMAG086.BMP,217.901,420,0.111157995797954,1497
obj6IMAG086.BMP,109.993,328,0.340685471110887,425
obj7IMAG086.BMP,230.566,472,0.111573570734184,1168
obj8IMAG086.BMP,136.135,1064,0.721459407204148,1214
obj1IMAG087.BMP,207.729,397,0.11561285071921,1403
obj2IMAG087.BMP,95.041,756,1.05174308452598,777
obj3IMAG087.BMP,93.346,726,1.04702019760868,740
obj4IMAG087.BMP,217.09,444,0.118389502852876,1528
obj5IMAG087.BMP,218.48,428,0.112675698432306,1498
obj6IMAG087.BMP,111.118,330,0.33585743890836,429
obj7IMAG087.BMP,230.459,469,0.110967387245206,1170
obj8IMAG087.BMP,135.854,1065,0.725127893944131,1215
obj1IMAG088.BMP,208.556,397,0.114697775058002,1377
obj2IMAG088.BMP,175.951,884,0.358821659269815,1349
obj3IMAG088.BMP,213.501,367,0.101175672840993,1441
obj4IMAG088.BMP,174.832,869,0.357262792905008,1295
obj5IMAG088.BMP,217.81,427,0.113105079412856,1499
obj6IMAG088.BMP,107.57,329,0.357292109045037,426
obj7IMAG088.BMP,106.762,301,0.331850867845459,404
obj8IMAG088.BMP,135.672,1069,0.729805471252237,1215
obj1IMAG089.BMP,157.367,806,0.408994600524343,1162
obj2IMAG089.BMP,247.058,563,0.115909869304334,1376
obj3IMAG089.BMP,228.944,477,0.114358831825073,1147
obj4IMAG089.BMP,232.723,503,0.116707626185165,1233
obj5IMAG089.BMP,172.41,849,0.358915860763678,1271
obj6IMAG089.BMP,105.345,332,0.375941346665086,432
obj7IMAG089.BMP,106.109,310,0.345992842391278,412
obj8IMAG089.BMP,136.036,1064,0.722509871358403,1215
obj1IMAG090.BMP,161.618,817,0.393054220800463,1187
obj2IMAG090.BMP,228.092,501,0.121011733789141,1149
obj3IMAG090.BMP,176.546,900,0.362857921921522,1373
obj4IMAG090.BMP,171.037,842,0.361694424981261,1252
obj5IMAG090.BMP,109.208,335,0.352976476666784,437
obj6IMAG090.BMP,92.709,715,1.04537500676169,735
obj7IMAG090.BMP,91.212,691,1.04371987656787,709
obj8IMAG090.BMP,88.69,654,1.04481236226139,666
obj1IMAG091.BMP,141.19,1156,0.728718544532152,1324
obj2IMAG091.BMP,143.571,1116,0.680362875431432,1296
obj3IMAG091.BMP,144.474,1225,0.737507699231897,1383
obj4IMAG091.BMP,243.516,522,0.110617888472614,1315
obj5IMAG091.BMP,139.552,1088,0.702047713768036,1257
obj6IMAG091.BMP,93.644,724,1.03750098483297,737
obj7IMAG091.BMP,90.84,693,1.05533136924772,707
obj8IMAG091.BMP,88.02,652,1.05753495538549,665
obj1IMAG092.BMP,140.636,1161,0.737647835769297,1327
obj2IMAG092.BMP,141.586,1123,0.70396164142372,1298
obj3IMAG092.BMP,219.947,492,0.127802362280088,1624
obj4IMAG092.BMP,244.186,531,0.111908445626973,1315
obj5IMAG092.BMP,140.313,1092,0.697006265142669,1256
obj6IMAG092.BMP,93.065,724,1.05045068076211,737
obj7IMAG092.BMP,109.765,303,0.316027393369856,401
obj8IMAG092.BMP,90.84,689,1.04923999049304,706
obj1IMAG093.BMP,213.261,377,0.104166562240599,1452
obj2IMAG093.BMP,145.507,1246,0.739537384376766,1407
obj3IMAG093.BMP,151.734,1118,0.61021917996685,1303
obj4IMAG093.BMP,218.994,475,0.124462649343892,1565
obj5IMAG093.BMP,169.969,874,0.380173514894469,1277
obj6IMAG093.BMP,141.272,1065,0.670574886393752,1229
obj7IMAG093.BMP,91.576,688,1.03094373227265,709
obj8IMAG093.BMP,89.616,675,1.05619115501284,688
obj9IMAG093.BMP,98.335,308,0.400261977134898,392
obj1IMAG094.BMP,217.281,389,0.103541860078,1446
obj2IMAG094.BMP,146.374,1222,0.716726047092488,1405
obj3IMAG094.BMP,208.952,413,0.118868518756842,1389
obj4IMAG094.BMP,220.936,436,0.112244063147094,1574
obj5IMAG094.BMP,241.225,547,0.118127920883055,1299
obj6IMAG094.BMP,141.42,1101,0.691791970890474,1269
obj7IMAG094.BMP,92.312,716,1.05586055475707,730
obj8IMAG094.BMP,133.78,1040,0.73023193196797,1201
obj9IMAG094.BMP,90.84,685,1.04314861173836,705
obj1IMAG095.BMP,217.653,396,0.105045084501242,1464
obj2IMAG095.BMP,146.556,1223,0.715532088524927,1408
obj3IMAG095.BMP,212.55,416,0.115712686321547,1390
obj4IMAG095.BMP,222.466,440,0.111721111608879,1591
obj5IMAG095.BMP,96.646,766,1.03055426617542,784
obj6IMAG095.BMP,140.684,1098,0.697144472548951,1270
obj7IMAG095.BMP,93.346,720,1.03836713812431,738
obj8IMAG095.BMP,133.218,1043,0.738530360918695,1199
obj9IMAG095.BMP,90.658,688,1.05192804664928,707
obj1IMAG096.BMP,140.744,1149,0.728903630469353,1297
obj2IMAG096.BMP,115.777,377,0.353432620079897,509
obj3IMAG096.BMP,112.011,365,0.365579116953273,507
obj4IMAG096.BMP,93.809,738,1.05384614933977,752
obj5IMAG096.BMP,145.522,334,0.198197887431318,498
obj6IMAG096.BMP,95.314,764,1.05679276426757,779
obj7IMAG096.BMP,138.633,1108,0.724463286306251,1269
obj8IMAG096.BMP,133.218,1043,0.738530360918695,1202
obj9IMAG096.BMP,90.84,691,1.05228567987038,707
obj1IMAG097.BMP,138.941,1138,0.74078347451076,1293
obj2IMAG097.BMP,114.271,372,0.357998121642162,483
obj3IMAG097.BMP,112.218,362,0.36123796417875,505
obj4IMAG097.BMP,91.642,713,1.06686698679725,723
obj5IMAG097.BMP,240.366,523,0.113753686556714,1275
obj6IMAG097.BMP,152.436,333,0.180085609160624,558
obj7IMAG097.BMP,216.746,468,0.12518535760246,1104
obj8IMAG097.BMP,160.914,786,0.381456262044069,1144
obj9IMAG097.BMP,90.658,689,1.05345701183336,706
obj1IMAG098.BMP,138.941,1136,0.73948157033763,1291
obj2IMAG098.BMP,218.154,442,0.116709382814312,1506
obj3IMAG098.BMP,106.445,347,0.384847620965698,483
obj4IMAG098.BMP,92.105,713,1.05616793941364,725
obj5IMAG098.BMP,240.539,518,0.11250417038977,1270
obj6IMAG098.BMP,94.942,742,1.0344202578733,761
obj7IMAG098.BMP,218.631,470,0.123561803763431,1111
obj8IMAG098.BMP,160.377,789,0.385480751129665,1141
obj9IMAG098.BMP,90.385,683,1.0506010801736,703
obj1IMAG105.BMP,159.135,806,0.399957171969518,1163
obj2IMAG105.BMP,107.977,319,0.343825460303815,418
obj3IMAG105.BMP,144.473,1202,0.723670633869801,1367
obj4IMAG105.BMP,213.088,384,0.106273039503419,1454
obj5IMAG105.BMP,247.528,475,0.0974214990872736,1264
obj6IMAG105.BMP,219.177,376,0.0983575613780284,1473
obj7IMAG105.BMP,147.73,1229,0.707659516308073,1404
obj8IMAG105.BMP,88.202,653,1.05479042642918,664
obj9IMAG105.BMP,157.838,790,0.398486687147396,1145
obj10IMAG105.BMP,103.297,286,0.336822022808319,402
obj1IMAG106.BMP,162.419,814,0.387757855111759,1163
obj2IMAG106.BMP,106.671,320,0.353400459158296,412
obj3IMAG106.BMP,143.439,1206,0.73658466694265,1369
obj4IMAG106.BMP,213.27,392,0.10830197914816,1453
obj5IMAG106.BMP,168.894,848,0.373574542635291,1244
obj6IMAG106.BMP,219.764,373,0.0970522466741464,1471
obj7IMAG106.BMP,125.153,347,0.278392037814848,478
obj8IMAG106.BMP,88.02,651,1.0559129692576,665
obj9IMAG106.BMP,157.838,793,0.3999999277315,1149
obj10IMAG106.BMP,103.661,290,0.339138483429557,413
obj1IMAG107.BMP,169.217,807,0.354156662383865,1168
obj2IMAG107.BMP,107.713,318,0.344429816375465,416
obj3IMAG107.BMP,250.331,582,0.116708793687514,1413
obj4IMAG107.BMP,204.322,358,0.107761252032294,1339
obj5IMAG107.BMP,242.259,487,0.104274708591813,1262
obj6IMAG107.BMP,227.786,465,0.112618246328901,1150
obj7IMAG107.BMP,87.623,649,1.06222941649765,659
obj8IMAG107.BMP,121.522,352,0.299531644235197,482
obj9IMAG107.BMP,157.656,791,0.399912832736859,1139
obj10IMAG107.BMP,105.836,298,0.334317640351684,418
obj1IMAG108.BMP,165.834,812,0.371038299364307,1198
obj2IMAG108.BMP,90.178,686,1.06006569745462,703
obj3IMAG108.BMP,94.487,746,1.05003692411503,763
obj4IMAG108.BMP,95.86,779,1.06530133774285,790
obj5IMAG108.BMP,117.015,332,0.304694681647919,450
obj6IMAG108.BMP,88.938,665,1.05646908095684,678
obj7IMAG108.BMP,92.13,716,1.06003631576021,730
obj8IMAG108.BMP,121.349,346,0.295266080611169,485
obj9IMAG108.BMP,105.265,302,0.342490726999334,419
obj10IMAG108.BMP,157.838,789,0.397982273619361,1132
obj1IMAG109.BMP,167.058,814,0.366521717823931,1203
obj2IMAG109.BMP,89.806,682,1.06263357160944,698
obj3IMAG109.BMP,94.305,744,1.05126779622689,761
obj4IMAG109.BMP,95.86,781,1.06803638610676,791
obj5IMAG109.BMP,122.498,340,0.28472839814466,469
obj6IMAG109.BMP,88.756,666,1.06240143887443,679
obj7IMAG109.BMP,92.403,715,1.0523101585245,730
obj8IMAG109.BMP,123.218,353,0.292170429372392,490
obj9IMAG109.BMP,205.372,387,0.115302404497682,1359
obj10IMAG109.BMP,109.292,315,0.331393259681003,427
obj1IMAG110.BMP,166.388,811,0.368117712985064,1203
obj2IMAG110.BMP,89.996,685,1.06280605854238,702
obj3IMAG110.BMP,95.157,743,1.03113895566507,760
obj4IMAG110.BMP,212.304,399,0.111241389828713,1434
obj5IMAG110.BMP,96.712,782,1.05064473358561,796
obj6IMAG110.BMP,88.574,667,1.06837368455335,677
obj7IMAG110.BMP,92.403,712,1.04789487114608,729
obj8IMAG110.BMP,120.315,351,0.304703490800809,490
obj9IMAG110.BMP,205.174,394,0.117614653937997,1358
obj10IMAG110.BMP,111.178,316,0.321261906483132,440
obj1IMAG111.BMP,163.791,814,0.381288933073563,1188
obj2IMAG111.BMP,90.931,693,1.05322016183577,708
obj3IMAG111.BMP,145.472,1214,0.720891212066426,1385
obj4IMAG111.BMP,214.57,421,0.114908976782748,1477
obj5IMAG111.BMP,97.092,785,1.04643588983705,800
obj6IMAG111.BMP,88.392,662,1.06473598528135,674
obj7IMAG111.BMP,92.031,715,1.06083447187822,729
obj8IMAG111.BMP,122.366,347,0.291217729421674,478
obj9IMAG111.BMP,205.719,392,0.116398429845236,1351
obj10IMAG111.BMP,105.257,296,0.335737304707665,420
obj1IMAG112.BMP,133.697,1076,0.756447532735979,1219
obj2IMAG112.BMP,144.744,1191,0.714365521109639,1356
obj3IMAG112.BMP,145.869,1214,0.716972567861307,1386
obj4IMAG112.BMP,207.645,382,0.111334630222116,1425
obj5IMAG112.BMP,97.39,791,1.04799115166004,808
obj6IMAG112.BMP,89.062,663,1.05036080014428,680
obj7IMAG112.BMP,92.312,715,1.0543858891778,729
obj8IMAG112.BMP,124.409,345,0.280107901958411,483
obj9IMAG112.BMP,133.325,1052,0.743707941692306,1206
obj10IMAG112.BMP,144.317,1110,0.669727077472486,1273
obj1IMAG113.BMP,135.194,1073,0.737725423675239,1220
obj2IMAG113.BMP,143.247,1183,0.7244752241427,1352
obj3IMAG113.BMP,145.869,1216,0.718153741778707,1382
obj4IMAG113.BMP,208.803,384,0.110679609984036,1424
obj5IMAG113.BMP,97.018,786,1.04936789990272,802
obj6IMAG113.BMP,225.344,409,0.10121413640851,1524
obj7IMAG113.BMP,89.914,664,1.03210363194055,680
obj8IMAG113.BMP,92.122,717,1.06170118854614,731
obj9IMAG113.BMP,133.515,1054,0.743002636300164,1206
obj10IMAG113.BMP,139.247,1121,0.726513656028164,1278
obj1IMAG114.BMP,136.063,1083,0.73511999575111,1225
obj2IMAG114.BMP,145.389,1203,0.715175111710296,1368
obj3IMAG114.BMP,219.833,466,0.12117415710598,1552
obj4IMAG114.BMP,96.72,791,1.06256075581365,802
obj5IMAG114.BMP,212.145,374,0.104427736670671,1434
obj6IMAG114.BMP,221.233,412,0.105780901260813,1522
obj7IMAG114.BMP,88.574,663,1.06196664596533,675
obj8IMAG114.BMP,92.213,716,1.05812891836739,729
obj9IMAG114.BMP,133.325,1055,0.745828781830212,1201
obj10IMAG114.BMP,140.463,1118,0.712078360240103,1283
obj1IMAG115.BMP,135.591,1085,0.741613923247973,1229
obj2IMAG115.BMP,146.241,1200,0.705103408101195,1368
obj3IMAG115.BMP,222,461,0.117545184100714,1573
obj4IMAG115.BMP,96.902,794,1.06258794608753,806
obj5IMAG115.BMP,216.314,375,0.100709832891502,1460
obj6IMAG115.BMP,224.666,393,0.0978425376777083,1505
obj7IMAG115.BMP,90.005,661,1.02536396578866,677
obj8IMAG115.BMP,92.031,715,1.06083447187822,726
obj9IMAG115.BMP,218.041,351,0.0927770694131173,1463
obj10IMAG115.BMP,202.566,389,0.11913143159598,1338
obj1IMAG116.BMP,135.31,1084,0.744011002775073,1227
obj2IMAG116.BMP,145.389,1202,0.714580618683105,1367
obj3IMAG116.BMP,222.008,455,0.116006950844485,1559
obj4IMAG116.BMP,161.972,759,0.363556363153367,1166
obj5IMAG116.BMP,96.902,788,1.05455831425311,803
obj6IMAG116.BMP,238.298,531,0.117506959852685,1276
obj7IMAG116.BMP,220.489,385,0.0995168768333412,1513
obj8IMAG116.BMP,88.301,658,1.06048496022695,670
obj9IMAG116.BMP,219.265,345,0.0901758682331009,1452
obj10IMAG116.BMP,203.707,376,0.113863833959767,1341
obj1IMAG117.BMP,136.443,1082,0.730356006474081,1228
obj2IMAG117.BMP,145.389,1201,0.713986125655915,1368
obj3IMAG117.BMP,219.461,447,0.116627960098428,1535
obj4IMAG117.BMP,160.326,757,0.370081886011666,1149
obj5IMAG117.BMP,96.72,790,1.06121744259518,804
obj6IMAG117.BMP,239.043,535,0.117655324199574,1275
obj7IMAG117.BMP,88.301,659,1.06209663949781,672
obj8IMAG117.BMP,245.715,571,0.118845470279237,1386
obj9IMAG117.BMP,218.595,339,0.0891515943474655,1462
obj10IMAG117.BMP,202.574,375,0.114834854466348,1322
obj1IMAG118.BMP,166.663,849,0.384095451471236,1250
obj2IMAG118.BMP,134.169,1081,0.754625005876105,1224
obj3IMAG118.BMP,219.742,448,0.116590115380713,1534
obj4IMAG118.BMP,148.689,1275,0.724706851968979,1449
obj5IMAG118.BMP,160.359,755,0.368952227772757,1142
obj6IMAG118.BMP,237.702,518,0.115205696015108,1270
obj7IMAG118.BMP,88.301,655,1.05564992241436,670
obj8IMAG118.BMP,245.988,565,0.117335781126782,1377
obj9IMAG118.BMP,216.718,341,0.0912376886778745,1447
obj10IMAG118.BMP,202.276,367,0.112716427229719,1341
obj1IMAG119.BMP,93.354,733,1.05693426176663,747
obj2IMAG119.BMP,133.987,1082,0.757376452233214,1227
obj3IMAG119.BMP,147.837,1271,0.730784172269425,1445
obj4IMAG119.BMP,161.12,749,0.362570758652127,1146
obj5IMAG119.BMP,94.264,747,1.05642516146496,759
obj6IMAG119.BMP,238.769,522,0.115060030802302,1270
obj7IMAG119.BMP,88.21,658,1.06267414307728,672
obj8IMAG119.BMP,246.079,567,0.117664056405841,1380
obj9IMAG119.BMP,215.874,347,0.0935704377513298,1450
obj10IMAG119.BMP,202.177,375,0.115286282645851,1340
obj1IMAG120.BMP,93.164,729,1.05545844442926,742
obj2IMAG120.BMP,134.822,1081,0.747332771942402,1229
obj3IMAG120.BMP,222.289,455,0.115713842779552,1563
obj4IMAG120.BMP,148.689,1273,0.723570056907066,1449
obj5IMAG120.BMP,161.401,760,0.366615661713521,1161
obj6IMAG120.BMP,141.982,1156,0.72061138475104,1331
obj7IMAG120.BMP,88.582,656,1.05056454597381,671
obj8IMAG120.BMP,245.897,573,0.119085264450948,1385
obj9IMAG120.BMP,219.058,348,0.0911319937044869,1480
obj10IMAG120.BMP,134.498,1057,0.734265627691618,1221
